

Digite o numero de camadas: 

Digite o numero de neuronios da camada 0 : 569 455 
677 689 
170 781 
822 796 
711 202 
421 160 
14 139 
327 242 
506 126 
584 643 
680 382 
114 328 
950 112 
492 312 
39 436 
201 960 
891 878 
1 413 
11 824 
209 723 
26 630 
883 392 
121 562 
635 628 
688 571 
271 368 
305 385 
696 256 
497 541 
920 888 
977 121 
849 220 
351 202 
633 362 
26 194 
437 404 
176 672 
797 297 
234 784 
277 274 
707 548 
643 12 
285 691 
620 783 
232 892 
23 561 
13 224 
781 716 
427 766 
431 453 
960 868 
210 136 
893 359 
786 127 
495 63 
754 202 
612 397 
566 249 
440 539 
32 25 
431 408 
586 797 
632 720 
865 59 
486 296 
865 447 
517 427 
935 410 
786 721 
889 281 
137 643 
835 101 
392 753 
350 833 
292 735 
210 76 
143 148 
873 127 
868 90 
187 355 
387 404 
802 256 
831 89 
666 969 
163 907 
250 300 
551 437 
401 943 
190 103 
128 483 
838 690 
911 981 
839 136 
109 707 
226 648 
62 613 
404 216 
221 235 
658 887 
204 821 
795 806 
473 698 
243 874 
641 433 
329 122 
268 168 
812 179 
501 3 
315 962 
711 894 
610 125 
859 366 
694 81 
601 352 
968 157 
525 115 
315 998 
813 558 
224 807 
344 553 
281 964 
721 445 
144 575 
449 811 
537 512 
57 148 
989 917 
866 35 
998 820 
739 318 
977 264 
786 645 
262 599 
555 838 
758 899 
392 39 
864 465 
837 360 
40 638 
523 578 
150 581 
78 491 
498 944 
527 848 
764 266 
166 94 
531 304 
739 145 
904 294 
336 14 
546 728 
406 762 
545 243 
474 586 
233 997 
516 383 
930 594 
874 780 
890 753 
628 7 
20 147 
101 903 
803 192 
400 59 
838 736 
74 736 
816 832 
498 714 
427 972 
300 660 
322 168 
43 604 
114 269 
385 4 
375 365 
11 747 
864 464 
650 668 
656 402 
727 847 
491 153 
583 659 
985 82 
373 412 
406 25 
72 80 
193 467 
685 307 
89 422 
664 464 
139 27 
211 4 
492 213 
24 500 
967 751 
347 458 
257 931 
470 242 
365 843 
7 123 
221 79 
556 766 
899 241 
426 988 
15 90 
804 154 
469 367 
158 961 
932 534 
814 899 
286 161 
710 895 
444 180 
137 161 
375 144 
637 948 
576 193 
715 475 
786 493 
815 801 
583 971 
307 404 
690 466 
366 974 
352 532 
873 638 
693 935 
885 490 
467 23 
3 195 
519 992 
143 95 
185 210 
922 323 
703 89 
124 638 
412 432 
43 102 
250 761 
76 602 
293 302 
593 338 
589 830 
180 57 
853 184 
604 725 
176 747 
172 714 
310 95 
37 13 
536 514 
652 949 
298 47 
403 900 
808 832 
854 453 
134 799 
791 75 
630 324 
132 835 
860 88 
560 388 
836 733 
102 498 
828 492 
511 716 
6 515 
665 656 
914 421 
556 722 
253 762 
527 387 
562 671 
462 192 
995 947 
27 855 
35 588 
243 223 
673 698 
721 853 
190 585 
569 548 
452 587 
204 367 
8 112 
441 261 
874 969 
0 436 
640 814 
980 635 
113 8 
842 501 
948 437 
76 973 
135 798 
826 325 
735 395 
225 187 
982 429 
906 342 
541 348 
955 416 
317 307 
204 309 
122 185 
296 587 
545 138 
88 845 
575 165 
818 63 
315 644 
388 50 
391 966 
589 726 
395 496 
68 289 
196 24 
705 513 
331 909 
822 805 
446 470 
393 991 
608 833 
836 535 
998 654 
598 313 
650 339 
715 42 
305 657 
768 52 
505 188 
341 701 
564 398 
566 248 
660 740 
53 106 
210 798 
450 170 
632 286 
705 982 
293 656 
648 295 
995 715 
337 652 
372 457 
704 229 
646 398 
282 210 
796 848 
458 808 
588 864 
915 150 
14 365 
320 646 
3 26 
981 648 
682 629 
944 29 
344 281 
33 69 
739 89 
650 737 
487 933 
947 636 
781 758 
444 722 
622 359 
872 636 
76 193 
635 432 
571 616 
80 605 
597 24 
634 941 
658 19 
362 397 
108 13 
134 596 
946 433 
232 79 
191 676 
153 165 
388 378 
154 464 
923 789 
248 494 
757 329 
99 354 
353 85 
647 11 
104 10 
760 212 
375 246 
160 673 
32 392 
104 223 
421 258 
741 809 
988 895 
625 911 
36 874 
405 793 
203 856 
499 908 
293 498 
272 749 
508 32 
961 235 
631 474 
908 663 
866 13 
886 287 
623 979 
448 611 
874 426 
874 910 
300 631 
55 855 
487 906 
115 132 
405 387 
881 265 
772 194 
501 403 
668 409 
66 887 
774 304 
526 749 
284 975 
360 158 
401 234 
421 53 
865 828 
260 704 
735 375 
188 140 
115 69 
405 887 
616 258 
290 284 
668 708 
171 794 
12 698 
544 648 
25 256 
159 778 
843 580 
183 708 
760 443 
765 495 
170 953 
987 637 
375 745 
524 991 
3 166 
627 23 
874 151 
818 239 
201 714 
887 226 
970 46 
356 813 
978 539 
874 739 
334 991 
586 856 
296 926 
494 671 
671 18 
662 26 
537 642 
50 411 
793 220 
2 994 
934 890 
220 256 
288 928 
422 267 
467 296 
358 801 
639 944 
9 935 
870 503 
607 893 
874 621 
920 411 
263 970 
174 56 
542 177 
50 828 
67 622 
84 355 
902 506 
974 369 
154 332 
522 145 
629 532 
81 499 
35 40 
393 261 
661 665 
672 277 
635 847 
333 177 
24 736 
357 443 
710 441 
150 613 
300 125 
334 806 
457 857 
952 86 
741 385 
938 128 
425 683 
390 438 
348 414 
715 335 
261 401 
864 637 
137 221 
432 199 
14 583 
164 666 
708 499 
473 517 
708 777 
604 449 
162 894 
577 939 
929 319 
377 277 
734 93 
964 347 
494 828 
337 983 
401 769 
182 415 
352 347 
82 60 
198 907 
578 906 
36 534 
355 550 
780 284 
489 709 
604 218 
338 690 
311 302 
389 157 
482 726 
140 235 
496 675 
2 848 
374 436 
909 572 
343 839 
830 379 
725 185 
929 505 
821 770 
214 777 
989 904 
467 652 
206 857 
810 40 
583 302 
627 79 
329 629 
280 55 
66 541 
979 761 
380 809 
141 105 
994 422 
610 816 
193 176 
945 534 
80 413 
186 638 
622 996 
30 557 
651 657 
989 980 
638 269 
36 704 
810 367 
466 542 
177 959 
647 523 
733 609 
339 278 
137 637 
812 217 
50 999 
207 24 
347 237 
581 998 
246 570 
331 884 
839 719 
941 1 
86 407 
543 263 
718 542 
787 451 
151 478 
730 640 
115 542 
857 517 
893 416 
541 241 
653 123 
591 251 
693 922 
136 885 
641 77 
238 80 
836 782 
343 906 
324 482 
357 828 
961 439 
468 76 
334 678 
946 227 
94 487 
820 100 
610 412 
351 656 
686 839 
893 680 
268 131 
760 104 
265 455 
10 942 
938 720 
122 899 
159 942 
327 845 
620 273 
425 67 
113 245 
519 75 
9 870 
83 48 
62 976 
728 330 
460 840 
787 77 
295 149 
19 585 
869 493 
836 381 
436 164 
578 408 
789 3 
475 902 
249 346 
330 610 
217 413 
658 631 
390 738 
961 202 
578 100 
279 226 
250 651 
811 471 
144 648 
204 932 
164 783 
341 305 
786 168 
560 387 
515 890 
998 84 
303 8 
715 45 
99 28 
599 677 
129 231 
255 731 
882 419 
202 378 
419 407 
311 935 
190 4 
240 328 
172 800 
716 687 
42 66 
123 698 
426 838 
743 525 
219 695 
555 700 
926 162 
431 160 
581 633 
538 352 
40 201 
287 582 
205 528 
263 378 
680 331 
417 75 
749 893 
773 175 
731 868 
53 302 
915 960 
2 841 
122 433 
1 56 
419 892 
408 811 
93 48 
394 299 
928 9 
29 960 
340 798 
35 89 
691 160 
616 775 
381 21 
77 296 
333 432 
138 456 
865 491 
864 284 
383 624 
448 477 
672 842 
128 952 
203 509 
913 543 
307 948 
984 351 
461 952 
126 842 
326 555 
138 659 
987 628 
467 205 
120 331 
841 503 
308 289 
332 332 
483 460 
285 686 
321 198 
581 629 
498 917 
332 959 
870 458 
153 548 
365 292 
207 705 
920 675 
910 392 
358 103 
896 666 
745 580 
351 580 
393 636 
619 714 
186 200 
695 684 
470 27 
996 340 
837 149 
888 203 
793 447 
908 66 
474 170 
458 833 
625 706 
851 722 
287 202 
303 680 
190 922 
746 376 
474 442 
413 944 
469 409 
636 659 
910 876 
862 704 
324 122 
770 798 
644 580 
983 269 
287 835 
344 574 
389 647 
606 932 
921 352 
660 395 
794 73 
340 616 
834 976 
627 745 
205 841 
801 529 
963 923 
679 959 
503 663 
580 790 
850 924 
716 591 
571 322 
523 492 
675 536 
240 821 
609 580 
789 796 
908 416 
893 465 
257 46 
994 220 
969 26 
531 472 
689 112 
263 891 
36 979 
482 960 
654 358 
452 329 
894 692 
502 855 
624 292 
3 885 
708 896 
350 966 
942 697 
538 263 
723 70 
736 764 
182 351 
655 570 
682 489 
530 336 
199 335 
17 445 
379 520 
653 356 
812 656 
241 520 
905 943 
838 199 
992 377 
463 715 
447 199 
479 981 
902 486 
551 584 
328 434 
921 527 
769 938 
973 148 
810 626 
856 622 
282 97 
495 539 
393 333 
739 385 
62 554 
453 861 
753 284 
842 7 
771 746 
591 99 
532 864 
978 301 
155 951 
801 965 
929 658 
588 564 
107 435 
103 852 
768 194 
590 183 
748 43 
44 853 
327 239 
860 98 
985 452 
549 517 
316 528 
170 471 
831 323 
789 761 
333 377 
325 793 
164 428 
997 284 
623 587 
467 371 
630 512 
225 958 
751 85 
408 88 
889 310 
957 558 
838 479 
381 669 
802 170 
782 488 
899 107 
633 63 
888 630 
700 511 
218 167 
234 200 
31 811 
158 782 
249 919 
222 490 
229 179 
48 67 
658 782 
88 813 
952 871 
653 204 
330 286 
619 218 
268 319 
81 838 
487 316 
39 870 
127 197 
653 728 
116 875 
219 345 
407 267 
764 417 
49 205 
230 354 
428 235 
558 758 
873 529 
977 142 
849 58 
980 688 
726 19 
558 206 
569 563 
934 37 
791 505 
735 198 
125 499 
615 526 
56 198 
880 484 
433 790 
243 659 
320 572 
801 521 
982 133 
209 709 
153 119 
267 74 
683 553 
111 474 
59 846 
24 184 
698 639 
710 754 
189 943 
239 975 
733 834 
634 405 
406 435 
926 388 
920 487 
449 425 
959 68 
499 642 
622 611 
468 33 
809 492 
217 507 
483 279 
614 25 
222 853 
0 308 
687 634 
65 445 
421 344 
185 341 
831 987 
767 142 
55 618 
784 29 
229 604 
62 391 
448 631 
250 932 
263 864 
957 837 
22222222222222222
1024 
1366 
951 
1618 
913 
581 
153 
569 
632 
1227 
1062 
442 
1062 
804 
475 
1161 
1769 
414 
835 
932 
656 
1275 
683 
1263 
1259 
639 
690 
952 
1038 
1808 
1098 
1069 
553 
995 
220 
841 
848 
1094 
1018 
551 
1255 
655 
976 
1403 
1124 
584 
237 
1497 
1193 
884 
1828 
346 
1252 
913 
558 
956 
1009 
815 
979 
57 
839 
1383 
1352 
924 
782 
1312 
944 
1345 
1507 
1170 
780 
936 
1145 
1183 
1027 
286 
291 
1000 
958 
542 
791 
1058 
920 
1635 
1070 
550 
988 
1344 
293 
611 
1528 
1892 
975 
816 
874 
675 
620 
456 
1545 
1025 
1601 
1171 
1117 
1074 
451 
436 
991 
504 
1277 
1605 
735 
1225 
775 
953 
1125 
640 
1313 
1371 
1031 
897 
1245 
1166 
719 
1260 
1049 
205 
1906 
901 
1818 
1057 
1241 
1431 
861 
1393 
1657 
431 
1329 
1197 
678 
1101 
731 
569 
1442 
1375 
1030 
260 
835 
884 
1198 
350 
1274 
1168 
788 
1060 
1230 
899 
1524 
1654 
1643 
635 
167 
1004 
995 
459 
1574 
810 
1648 
1212 
1399 
960 
490 
647 
383 
389 
740 
758 
1328 
1318 
1058 
1574 
644 
1242 
1067 
785 
431 
152 
660 
992 
511 
1128 
166 
215 
705 
524 
1718 
805 
1188 
712 
1208 
130 
300 
1322 
1140 
1414 
105 
958 
836 
1119 
1466 
1713 
447 
1605 
624 
298 
519 
1585 
769 
1190 
1279 
1616 
1554 
711 
1156 
1340 
884 
1511 
1628 
1375 
490 
198 
1511 
238 
395 
1245 
792 
762 
844 
145 
1011 
678 
595 
931 
1419 
237 
1037 
1329 
923 
886 
405 
50 
1050 
1601 
345 
1303 
1640 
1307 
933 
866 
954 
967 
948 
948 
1569 
600 
1320 
1227 
521 
1321 
1335 
1278 
1015 
914 
1233 
654 
1942 
882 
623 
466 
1371 
1574 
775 
1117 
1039 
571 
120 
702 
1843 
436 
1454 
1615 
121 
1343 
1385 
1049 
933 
1151 
1130 
412 
1411 
1248 
889 
1371 
624 
513 
307 
883 
683 
933 
740 
881 
959 
438 
1357 
1315 
891 
357 
220 
1218 
1240 
1627 
916 
1384 
1441 
1371 
1652 
911 
989 
757 
962 
820 
693 
1042 
962 
814 
1400 
159 
1008 
620 
918 
1687 
949 
943 
1710 
989 
829 
933 
1044 
492 
1644 
1266 
1452 
1065 
379 
966 
29 
1629 
1311 
973 
625 
102 
828 
1387 
1420 
1583 
1539 
1166 
981 
1508 
269 
1067 
1187 
685 
621 
1575 
677 
759 
121 
730 
1379 
311 
867 
318 
766 
618 
1712 
742 
1086 
453 
438 
658 
114 
972 
621 
833 
424 
327 
679 
1550 
1883 
1536 
910 
1198 
1059 
1407 
791 
1021 
540 
1196 
1105 
1571 
879 
1173 
1602 
1059 
1300 
1784 
931 
910 
1393 
247 
792 
1146 
966 
904 
1077 
953 
1078 
1275 
1259 
518 
635 
474 
1693 
964 
1110 
328 
184 
1292 
874 
574 
1376 
965 
710 
1192 
281 
937 
1423 
891 
1203 
1260 
1123 
1624 
1120 
1515 
169 
650 
1025 
1057 
915 
1113 
1016 
1169 
1517 
1613 
1325 
1442 
1222 
1165 
689 
688 
1179 
461 
1013 
996 
1824 
476 
1216 
689 
763 
1159 
1583 
944 
1373 
1500 
1495 
1331 
1233 
230 
719 
878 
689 
439 
1408 
1343 
486 
667 
1161 
580 
75 
654 
1326 
949 
1482 
510 
760 
800 
1151 
763 
425 
1140 
1314 
1038 
1126 
1066 
1108 
828 
762 
1050 
662 
1501 
358 
631 
597 
830 
1207 
990 
1485 
1053 
1056 
1516 
1248 
654 
827 
1311 
1322 
1320 
1170 
597 
699 
142 
1105 
1484 
570 
905 
1064 
1198 
822 
1028 
613 
546 
1208 
375 
1171 
850 
810 
1481 
1182 
1209 
910 
1434 
1591 
991 
1893 
1119 
1063 
850 
885 
706 
958 
335 
607 
1740 
1189 
246 
1416 
1426 
369 
1479 
493 
824 
1618 
587 
1308 
1969 
907 
740 
1177 
1008 
1136 
1170 
1342 
617 
774 
1029 
1049 
231 
584 
1579 
816 
1215 
1558 
942 
493 
806 
1260 
1238 
629 
1370 
657 
1374 
1309 
782 
776 
842 
1615 
1021 
718 
318 
1618 
1249 
806 
1185 
1400 
544 
1012 
1173 
581 
920 
1022 
1007 
1525 
1573 
399 
864 
720 
952 
1658 
1021 
1101 
1172 
893 
492 
358 
594 
879 
131 
1038 
1058 
1300 
864 
444 
604 
1362 
1217 
600 
986 
792 
1377 
595 
940 
630 
1289 
1128 
1163 
678 
505 
901 
1282 
792 
1136 
947 
646 
954 
947 
1405 
1082 
311 
760 
127 
1276 
360 
986 
1301 
580 
826 
1246 
194 
568 
972 
1403 
108 
821 
1264 
1268 
914 
1255 
1088 
591 
1214 
890 
241 
869 
733 
641 
1011 
492 
1642 
948 
1599 
355 
1875 
843 
555 
57 
1311 
1219 
141 
693 
937 
989 
1138 
124 
851 
1391 
402 
373 
765 
594 
1356 
1148 
1007 
925 
1514 
1080 
712 
1456 
1255 
1335 
1413 
968 
881 
797 
1615 
672 
451 
1344 
597 
664 
943 
971 
519 
1210 
1415 
1291 
1328 
701 
657 
912 
1595 
1302 
461 
1562 
1325 
931 
1029 
1333 
386 
1379 
497 
1336 
986 
1091 
1240 
974 
644 
1291 
1331 
1573 
489 
983 
1112 
1122 
916 
1357 
878 
1295 
1786 
1566 
446 
1568 
1224 
1252 
1122 
918 
1036 
1538 
1273 
1055 
867 
956 
1810 
1372 
1046 
1330 
1886 
1638 
1166 
1370 
1774 
1307 
893 
1015 
1211 
1061 
1189 
1585 
1324 
1358 
303 
1214 
995 
1003 
801 
1154 
1015 
1442 
1012 
781 
1586 
1357 
916 
888 
1604 
1316 
1639 
801 
793 
1500 
533 
1225 
1171 
866 
534 
462 
899 
1009 
1468 
761 
1848 
1037 
1369 
1178 
646 
1460 
1388 
1135 
762 
1448 
1707 
1121 
1436 
1478 
379 
1034 
726 
1124 
616 
1314 
1037 
849 
1517 
690 
1396 
1279 
1106 
1766 
1587 
1152 
542 
955 
962 
773 
791 
897 
566 
958 
1437 
1066 
844 
641 
1154 
1550 
710 
1118 
592 
1281 
1210 
838 
1142 
1183 
836 
496 
1199 
1515 
1317 
1050 
972 
1270 
1006 
696 
1518 
1211 
385 
434 
842 
940 
1168 
712 
408 
115 
1440 
901 
1823 
857 
616 
837 
587 
919 
803 
909 
324 
1381 
991 
564 
674 
1181 
254 
584 
663 
1316 
1402 
1119 
907 
1668 
745 
764 
1132 
971 
1296 
933 
624 
1141 
254 
1364 
1223 
902 
892 
1322 
1115 
918 
272 
341 
1236 
585 
905 
208 
1337 
1464 
1132 
1214 
1567 
1039 
841 
1314 
1407 
874 
1027 
1141 
1233 
501 
1301 
724 
762 
639 
1075 
308 
1321 
510 
765 
526 
1818 
909 
673 
813 
833 
453 
1079 
1182 
1127 
1794 

Iteracoes = 10000

Beta = 0.6  
Iteracoes = 20000

Beta = 0.6  
Iteracoes = 30000

Beta = 0.6  
Iteracoes = 40000

Beta = 0.6  
Iteracoes = 50000

Beta = 0.6  
Iteracoes = 60000

Beta = 0.6  
Iteracoes = 70000

Beta = 0.6  
Iteracoes = 80000

Beta = 0.6  
Iteracoes = 90000

Beta = 0.6  
Iteracoes = 100000

Beta = 0.6  
Iteracoes = 110000

Beta = 0.6  
Iteracoes = 120000

Beta = 0.6  
Iteracoes = 130000

Beta = 0.6  
Iteracoes = 140000

Beta = 0.6  
Iteracoes = 150000

Beta = 0.6  
Iteracoes = 160000

Beta = 0.6  
Iteracoes = 170000

Beta = 0.6  
Iteracoes = 180000

Beta = 0.6  
Iteracoes = 190000

Beta = 0.6  
Iteracoes = 200000

Beta = 0.2  
Iteracoes = 210000

Beta = 0.2  
Iteracoes = 220000

Beta = 0.2  
Iteracoes = 230000

Beta = 0.2  
Iteracoes = 240000

Beta = 0.2  
Iteracoes = 250000

Beta = 0.6  
Iteracoes = 260000

Beta = 0.6  
Iteracoes = 270000

Beta = 0.6  
Iteracoes = 280000

Beta = 0.6  
Iteracoes = 290000

Beta = 0.6  
Iteracoes = 300000

Beta = 0.6  
Iteracoes = 310000

Beta = 0.6  
Iteracoes = 320000

Beta = 0.6  
Iteracoes = 330000

Beta = 0.6  
Iteracoes = 340000

Beta = 0.6  
Iteracoes = 350000

Beta = 0.6  
Iteracoes = 360000

Beta = 0.6  
Iteracoes = 370000

Beta = 0.6  
Iteracoes = 380000

Beta = 0.6  
Iteracoes = 390000

Beta = 0.6  
Iteracoes = 400000

Beta = 0.6  
Iteracoes = 410000

Beta = 0.6  
Iteracoes = 420000

Beta = 0.6  
Iteracoes = 430000

Beta = 0.6  
Iteracoes = 440000

Beta = 0.6  
Iteracoes = 450000

Beta = 0.6  
Iteracoes = 460000

Beta = 0.6  
Iteracoes = 470000

Beta = 0.6  
Iteracoes = 480000

Beta = 0.6  
Iteracoes = 490000

Beta = 0.6  
Iteracoes = 500000

Beta = 0.6  
Iteracoes = 510000

Beta = 0.6  
Iteracoes = 520000

Beta = 0.6  
Iteracoes = 530000

Beta = 0.6  
Iteracoes = 540000

Beta = 0.6  
Iteracoes = 550000

Beta = 0.6  
Iteracoes = 560000

Beta = 0.6  
Iteracoes = 570000

Beta = 0.6  
Iteracoes = 580000

Beta = 0.6  
Iteracoes = 590000

Beta = 0.6  
Iteracoes = 600000

Beta = 0.9  
Iteracoes = 610000

Beta = 0.9  
Iteracoes = 620000

Beta = 0.9  
Iteracoes = 630000

Beta = 0.9  
Iteracoes = 640000

Beta = 0.9  
Iteracoes = 650000

Beta = 0.6  
Iteracoes = 660000

Beta = 0.6  
Iteracoes = 670000

Beta = 0.6  
Iteracoes = 680000

Beta = 0.6  
Iteracoes = 690000

Beta = 0.6  
Iteracoes = 700000

Beta = 0.6  
Iteracoes = 710000

Beta = 0.6  
Iteracoes = 720000

Beta = 0.6  
Iteracoes = 730000

Beta = 0.6  
Iteracoes = 740000

Beta = 0.6  
Iteracoes = 750000

Beta = 0.6  
Iteracoes = 760000

Beta = 0.6  
Iteracoes = 770000

Beta = 0.6  
Iteracoes = 780000

Beta = 0.6  
Iteracoes = 790000

Beta = 0.6  
Iteracoes = 800000

Beta = 0.9  
Iteracoes = 810000

Beta = 0.9  
Iteracoes = 820000

Beta = 0.9  
Iteracoes = 830000

Beta = 0.9  
Iteracoes = 840000

Beta = 0.9  
Iteracoes = 850000

Beta = 0.6  
Iteracoes = 860000

Beta = 0.6  
Iteracoes = 870000

Beta = 0.6  
Iteracoes = 880000

Beta = 0.6  
Iteracoes = 890000

Beta = 0.6  
Iteracoes = 900000

Beta = 0.6  
Iteracoes = 910000

Beta = 0.6  
Iteracoes = 920000

Beta = 0.6  
Iteracoes = 930000

Beta = 0.6  
Iteracoes = 940000

Beta = 0.6  
Iteracoes = 950000

Beta = 0.6  
Iteracoes = 960000

Beta = 0.6  
Iteracoes = 970000

Beta = 0.6  
Iteracoes = 980000

Beta = 0.6  
Iteracoes = 990000

Beta = 0.6  
Iteracoes = 1000000

Beta = 0.6  
Iteracoes = 1010000

Beta = 0.6  
Iteracoes = 1020000

Beta = 0.6  
Iteracoes = 1030000

Beta = 0.6  
Iteracoes = 1040000

Beta = 0.6  
Iteracoes = 1050000

Beta = 0.6  
Iteracoes = 1060000

Beta = 0.6  
Iteracoes = 1070000

Beta = 0.6  
Iteracoes = 1080000

Beta = 0.6  
Iteracoes = 1090000

Beta = 0.6  
Iteracoes = 1100000

Beta = 0.6  
Iteracoes = 1110000

Beta = 0.6  
Iteracoes = 1120000

Beta = 0.6  
Iteracoes = 1130000

Beta = 0.6  
Iteracoes = 1140000

Beta = 0.6  
Iteracoes = 1150000

Beta = 0.6  
Iteracoes = 1160000

Beta = 0.6  
Iteracoes = 1170000

Beta = 0.6  
Iteracoes = 1180000

Beta = 0.6  
Iteracoes = 1190000

Beta = 0.6  
Iteracoes = 1200000

Beta = 0.8  
Iteracoes = 1210000

Beta = 0.8  
Iteracoes = 1220000

Beta = 0.8  
Iteracoes = 1230000

Beta = 0.8  
Iteracoes = 1240000

