1024
1366
951
1618
913
581
153
569
632
1227
1062
442
1062
804
475
1161
1769
414
835
932
656
1275
683
1263
1259
639
690
952
1038
1808
1098
1069
553
995
220
841
848
1094
1018
551
1255
655
976
1403
1124
584
237
1497
1193
884
1828
346
1252
913
558
956
1009
815
979
57
839
1383
1352
924
782
1312
944
1345
1507
1170
780
936
1145
1183
1027
286
291
1000
958
542
791
1058
920
1635
1070
550
988
1344
293
611
1528
1892
975
816
874
675
620
456
1545
1025
1601
1171
1117
1074
451
436
991
504
1277
1605
735
1225
775
953
1125
640
1313
1371
1031
897
1245
1166
719
1260
1049
205
1906
901
1818
1057
1241
1431
861
1393
1657
431
1329
1197
678
1101
731
569
1442
1375
1030
260
835
884
1198
350
1274
1168
788
1060
1230
899
1524
1654
1643
635
167
1004
995
459
1574
810
1648
1212
1399
960
490
647
383
389
740
758
1328
1318
1058
1574
644
1242
1067
785
431
152
660
992
511
1128
166
215
705
524
1718
805
1188
712
1208
130
300
1322
1140
1414
105
958
836
1119
1466
1713
447
1605
624
298
519
1585
769
1190
1279
1616
1554
711
1156
1340
884
1511
1628
1375
490
198
1511
238
395
1245
792
762
844
145
1011
678
595
931
1419
237
1037
1329
923
886
405
50
1050
1601
345
1303
1640
1307
933
866
954
967
948
948
1569
600
1320
1227
521
1321
1335
1278
1015
914
1233
654
1942
882
623
466
1371
1574
775
1117
1039
571
120
702
1843
436
1454
1615
121
1343
1385
1049
933
1151
1130
412
1411
1248
889
1371
624
513
307
883
683
933
740
881
959
438
1357
1315
891
357
220
1218
1240
1627
916
1384
1441
1371
1652
911
989
757
962
820
693
1042
962
814
1400
159
1008
620
918
1687
949
943
1710
989
829
933
1044
492
1644
1266
1452
1065
379
966
29
1629
1311
973
625
102
828
1387
1420
1583
1539
1166
981
1508
269
1067
1187
685
621
1575
677
759
121
730
1379
311
867
318
766
618
1712
742
1086
453
438
658
114
972
621
833
424
327
679
1550
1883
1536
910
1198
1059
1407
791
1021
540
1196
1105
1571
879
1173
1602
1059
1300
1784
931
910
1393
247
792
1146
966
904
1077
953
1078
1275
1259
518
635
474
1693
964
1110
328
184
1292
874
574
1376
965
710
1192
281
937
1423
891
1203
1260
1123
1624
1120
1515
169
650
1025
1057
915
1113
1016
1169
1517
1613
1325
1442
1222
1165
689
688
1179
461
1013
996
1824
476
1216
689
763
1159
1583
944
1373
1500
1495
1331
1233
230
719
878
689
439
1408
1343
486
667
1161
580
75
654
1326
949
1482
510
760
800
1151
763
425
1140
1314
1038
1126
1066
1108
828
762
1050
662
1501
358
631
597
830
1207
990
1485
1053
1056
1516
1248
654
827
1311
1322
1320
1170
597
699
142
1105
1484
570
905
1064
1198
822
1028
613
546
1208
375
1171
850
810
1481
1182
1209
910
1434
1591
991
1893
1119
1063
850
885
706
958
335
607
1740
1189
246
1416
1426
369
1479
493
824
1618
587
1308
1969
907
740
1177
1008
1136
1170
1342
617
774
1029
1049
231
584
1579
816
1215
1558
942
493
806
1260
1238
629
1370
657
1374
1309
782
776
842
1615
1021
718
318
1618
1249
806
1185
1400
544
1012
1173
581
920
1022
1007
1525
1573
399
864
720
952
1658
1021
1101
1172
893
492
358
594
879
131
1038
1058
1300
864
444
604
1362
1217
600
986
792
1377
595
940
630
1289
1128
1163
678
505
901
1282
792
1136
947
646
954
947
1405
1082
311
760
127
1276
360
986
1301
580
826
1246
194
568
972
1403
108
821
1264
1268
914
1255
1088
591
1214
890
241
869
733
641
1011
492
1642
948
1599
355
1875
843
555
57
1311
1219
141
693
937
989
1138
124
851
1391
402
373
765
594
1356
1148
1007
925
1514
1080
712
1456
1255
1335
1413
968
881
797
1615
672
451
1344
597
664
943
971
519
1210
1415
1291
1328
701
657
912
1595
1302
461
1562
1325
931
1029
1333
386
1379
497
1336
986
1091
1240
974
644
1291
1331
1573
489
983
1112
1122
916
1357
878
1295
1786
1566
446
1568
1224
1252
1122
918
1036
1538
1273
1055
867
956
1810
1372
1046
1330
1886
1638
1166
1370
1774
1307
893
1015
1211
1061
1189
1585
1324
1358
303
1214
995
1003
801
1154
1015
1442
1012
781
1586
1357
916
888
1604
1316
1639
801
793
1500
533
1225
1171
866
534
462
899
1009
1468
761
1848
1037
1369
1178
646
1460
1388
1135
762
1448
1707
1121
1436
1478
379
1034
726
1124
616
1314
1037
849
1517
690
1396
1279
1106
1766
1587
1152
542
955
962
773
791
897
566
958
1437
1066
844
641
1154
1550
710
1118
592
1281
1210
838
1142
1183
836
496
1199
1515
1317
1050
972
1270
1006
696
1518
1211
385
434
842
940
1168
712
408
115
1440
901
1823
857
616
837
587
919
803
909
324
1381
991
564
674
1181
254
584
663
1316
1402
1119
907
1668
745
764
1132
971
1296
933
624
1141
254
1364
1223
902
892
1322
1115
918
272
341
1236
585
905
208
1337
1464
1132
1214
1567
1039
841
1314
1407
874
1027
1141
1233
501
1301
724
762
639
1075
308
1321
510
765
526
1818
909
673
813
833
453
1079
1182
1127
1794
