1 1 0.55 0.55 1 0.55 0.55 0.55 
1 1 0.55 0.55 1 0.55 0.55 1 
1 1 0.52 0.52 0.52 0.52 0.52 1 
1 0.9 0.58 0.55 0.55 0.55 0.55 0.9 
1 1 0.52 0.52 1 0.52 0.52 1 
1 1 0.52 0.52 1 0.52 0.52 0.52 
1 1 0.55 0.52 0.74 0.55 0.55 1 
1 0.55 0.55 0.55 1 0.55 0.55 0.55 
1 1 0.13 0.13 0.13 0.13 0.13 1 
1 0.48 0.06 0.06 0.58 0.58 0.58 1 
1 0.55 0.58 0.64 0.77 0.64 0.58 0.55 
1 0.52 0.52 0.52 0.52 0.52 0.52 1 
1 0.55 0.87 0.68 0.55 0.55 0.55 0.55 
1 0.55 0.8 0.55 0.68 0.55 0.61 0.55 
1 1 0.55 0.55 0.55 0.55 0.55 1 
1 1 0.55 0.55 1 0.52 0.52 0.52 
1 0.45 0.55 0.55 0.55 0.55 0.45 0.22 
1 1 0.55 1 0.77 0.64 0.58 0.55 
1 0.48 0.52 0.52 0.45 0.03 0.03 0.97 
1 1 0.68 0.13 0.13 0.13 0.13 0.45 
1 1 0.13 0.13 0.13 0.13 0.13 1 
1 0.55 0.55 0.55 0.55 0.55 0.55 1 
1 0.55 0.55 0.55 0.55 0.68 0.87 0.55 
1 0.55 0.87 0.32 0.13 0.32 0.87 0.55 
1 0.54 0.87 0.32 0.13 0.13 0.13 0.45 
1 1 0.03 0.06 0.13 0.25 0.51 1 